-35.9316 37.7753
-35.9445 36.5559
-35.9445 35.7365
-35.9445 34.9170
-35.9445 34.0976
-35.9445 33.2782
-35.9445 32.4587
-35.9445 31.6393
-35.9445 30.8199
-35.9445 30.0004
-35.9445 29.1810
-35.9445 28.3615
-35.9445 27.5421
-35.9445 26.7227
-35.9445 25.9032
-35.9445 25.0838
-35.9445 24.2644
-35.9445 23.4449
-35.9445 22.6255
-35.9445 21.8060
-35.9445 20.9866
-35.9445 20.1672
-35.9445 19.3477
-35.9445 18.5283
-35.9445 17.7089
-35.9445 16.8894
-35.9445 16.0700
-35.9445 15.2506
-35.9445 14.4311
-35.9445 13.6117
-35.9445 12.7922
-35.9445 11.9728
-35.9445 11.1534
-35.9445 10.3339
-35.9445 9.5145
-35.9445 8.6951
-35.9445 7.8756
-35.9445 7.0562
-35.9445 6.2368
-35.9445 5.4173
-35.9445 4.5979
-35.9445 3.7784
-35.9445 2.9590
-35.9445 2.1396
-35.9445 1.3201
-35.9445 0.5007
-35.9445 -0.3187
-35.9445 -1.1382
-35.9445 -1.9576
-35.9445 -2.7770
-35.9445 -3.5965
-35.9445 -4.4159
-35.9445 -5.2354
-35.9445 -6.0548
-35.9445 -6.8742
-35.9445 -7.6937
-35.9445 -8.5131
-35.9445 -9.3325
-35.9445 -10.1520
-35.9445 -10.9714
-35.9445 -11.7909
-35.9445 -12.6103
-35.9445 -13.4297
-35.9445 -14.2492
-35.9445 -15.0686
-35.9445 -15.8880
-35.9445 -16.7075
-35.9445 -17.5269
-35.9445 -18.3463
-35.9445 -19.1658
-35.9445 -19.9852
-35.9445 -20.8047
-35.9445 -21.6241
-35.9445 -22.4435
-35.9445 -23.2630
-35.9445 -24.0824
-35.9445 -24.9018
-35.9445 -25.7213
-35.9445 -26.5407
-35.9445 -27.3601
-35.9445 -28.1796
-35.9445 -28.9990
-35.9445 -29.8185
-35.9445 -30.6379
-35.9445 -31.4573
-35.9445 -32.2768
-35.9445 -33.0962
-35.9445 -33.9156
-35.9445 -34.7351
-35.9445 -35.5545
-35.9445 -36.3739
-35.9445 -37.1609
-35.8802 -38.1852
-35.8057 -39.4072
-35.7491 -40.3398
-35.6654 -41.3147
-35.5846 -42.2173
-35.4689 -43.1083
-35.3661 -43.9863
-35.2504 -44.8506
-35.1219 -45.7480
-34.9805 -46.6299
-34.8263 -47.5014
-34.6592 -48.3552
-34.4793 -49.2164
-34.2865 -50.0735
-34.0808 -50.9100
-33.8623 -51.7438
-33.6181 -52.5864
-33.3482 -53.4426
-33.0654 -54.2869
-32.7698 -55.0860
-32.4485 -55.9004
-32.1015 -56.7196
-31.7159 -57.5472
-31.2918 -58.3809
-30.8291 -59.2151
-30.3149 -60.0531
-29.7751 -60.8614
-29.2353 -61.5972
-28.6955 -62.2605
-28.1557 -62.8663
-27.6158 -63.4256
-27.0760 -63.9310
-26.5362 -64.3927
-25.9964 -64.8220
-25.4566 -65.2140
-24.9168 -65.5661
-24.3769 -65.8969
-23.8371 -66.1905
-23.2973 -66.4580
-22.7575 -66.7070
-22.2177 -66.9207
-21.6778 -67.1205
-21.1380 -67.2933
-20.5982 -67.4512
-20.0584 -67.5906
-19.5186 -67.7141
-18.9788 -67.8098
-18.4389 -67.8972
-17.8991 -67.9696
-17.3593 -68.0254
-16.8195 -68.0653
-16.2797 -68.0997
-15.7398 -68.1109
-15.2000 -68.1109
-14.6602 -68.1109
-14.1204 -68.1109
-13.5806 -68.1109
-13.0407 -68.1109
-12.5009 -68.1109
-11.9611 -68.1109
-11.4213 -68.1109
-10.8815 -68.1109
-10.3417 -68.1109
-9.8018 -68.1109
-9.2620 -68.1109
-8.7222 -68.1109
-8.1824 -68.1109
-7.6426 -68.1109
-7.1027 -68.1109
-6.5629 -68.1109
-6.0231 -68.1109
-5.4833 -68.1109
-4.9435 -68.1109
-4.4037 -68.1109
-3.8638 -68.1109
-3.3240 -68.1109
-2.7842 -68.1109
-2.2444 -68.1109
-1.7046 -68.1109
-1.1647 -68.1109
-0.6249 -68.1109
-0.0851 -68.1109
0.4547 -68.1109
0.9945 -68.1109
1.5343 -68.1109
2.0742 -68.1109
2.6140 -68.1109
3.1538 -68.1109
3.6936 -68.1109
4.2334 -68.1109
4.7733 -68.1109
5.3131 -68.1109
5.8529 -68.1109
6.3927 -68.1109
6.9325 -68.1109
7.4724 -68.1109
8.0122 -68.1109
8.5520 -68.1109
9.0918 -68.1109
9.6316 -68.1109
10.1714 -68.1109
10.7113 -68.1109
11.2511 -68.1109
11.7909 -68.1109
12.3307 -68.1109
12.8705 -68.1109
13.4104 -68.1109
13.9502 -68.1109
14.4900 -68.1109
15.0298 -68.1109
15.5696 -68.0997
16.1094 -68.0468
16.6493 -67.9789
17.1891 -67.8935
17.7289 -67.8061
18.2687 -67.6974
18.8085 -67.5859
19.3484 -67.4559
19.8882 -67.3128
20.4280 -67.1567
20.9678 -66.9848
21.5076 -66.7990
22.0474 -66.5946
22.5873 -66.3679
23.1271 -66.1254
23.6669 -65.8653
24.2067 -65.5819
24.7465 -65.2698
25.2864 -64.9400
25.8262 -64.5776
26.3660 -64.1893
26.9058 -63.7740
27.4456 -63.3150
27.9854 -62.8245
28.5253 -62.2912
29.0651 -61.7152
29.6049 -61.0806
30.1447 -60.3940
30.6845 -59.6396
31.2115 -58.8337
31.6999 -58.0099
32.1369 -57.2058
32.5353 -56.3916
32.9081 -55.5657
33.2551 -54.7327
33.5764 -53.8715
33.8720 -53.0098
34.1420 -52.1436
34.3862 -51.2864
34.6047 -50.4418
34.7974 -49.6289
34.9774 -48.7705
35.1445 -47.9046
35.2987 -47.0136
35.4401 -46.0758
35.5558 -45.2105
35.6586 -44.3082
35.7706 -43.3884
35.8411 -42.4274
35.9131 -41.4714
35.9542 -40.6727
35.9953 -39.6491
36.0056 -38.7542
36.0365 -37.5225
36.0056 -36.4195
35.9645 -35.4309
35.8925 -34.4515
35.8220 -33.4520
35.7434 -32.5629
35.6586 -31.5240
35.5558 -30.5826
35.4529 -29.7242
35.3373 -28.8716
35.2087 -27.9897
35.0674 -27.1228
34.9131 -26.2546
34.7589 -25.4546
34.5918 -24.6445
34.3990 -23.7930
34.1934 -22.9516
33.9749 -22.1162
33.7307 -21.2762
33.4736 -20.4489
33.2037 -19.6346
32.9081 -18.8211
32.5868 -17.9962
32.2397 -17.1804
31.8670 -16.3680
31.4557 -15.5499
31.0059 -14.7239
30.5175 -13.9149
29.9905 -13.1138
29.4507 -12.3641
28.9109 -11.6849
28.3710 -11.0634
27.8312 -10.4985
27.2914 -9.9782
26.7516 -9.5063
26.2118 -9.0724
25.6719 -8.6748
25.1321 -8.3152
24.5923 -7.9798
24.0525 -7.6807
23.5127 -7.4047
22.9729 -7.1548
22.4330 -6.9328
21.8932 -6.7219
21.3534 -6.5426
20.8136 -6.3781
20.2738 -6.2434
19.7339 -6.1170
19.1941 -6.0121
18.6543 -5.9210
18.1145 -5.8523
17.5747 -5.7937
17.0348 -5.7510
16.4950 -5.7166
15.9552 -5.7055
15.4154 -5.6776
14.8756 -5.6776
14.3358 -5.6497
13.7959 -5.6153
13.2561 -5.5754
12.7163 -5.5029
12.1765 -5.4323
11.6367 -5.3329
11.0968 -5.2316
10.5570 -5.0988
10.0172 -4.9539
9.4774 -4.7857
8.9376 -4.6055
8.3978 -4.3983
7.8579 -4.1660
7.3181 -3.9114
6.7783 -3.6253
6.2385 -3.3196
5.6987 -2.9814
5.1588 -2.6126
4.6190 -2.2131
4.0792 -1.7644
3.5394 -1.2794
2.9996 -0.7554
2.4598 -0.1757
1.9199 0.4607
1.3801 1.1520
0.8403 1.9120
0.3133 2.7246
-0.1751 3.5552
-0.6121 4.3764
-1.0105 5.1897
-1.3832 6.0133
-1.7303 6.8511
-2.0516 7.6968
-2.3472 8.5260
-2.6171 9.3571
-2.8613 10.1757
-3.0927 10.9995
-3.3112 11.8452
-3.5040 12.6455
-3.6839 13.4510
-3.8510 14.2848
-4.0052 15.0847
-4.1466 15.9087
-4.2751 16.7203
-4.4037 17.6100
-4.5193 18.4714
-4.6222 19.3445
-4.7415 20.2852
-4.8443 21.4196
-4.9281 22.4603
-4.9846 23.4865
-5.0463 24.6757
-5.1028 25.6639
-5.0977 26.6836
-5.0977 27.5031
-5.0977 28.3225
-5.0977 29.1420
-5.0977 29.9614
-5.0977 30.7808
-5.0977 31.6003
-5.0977 32.4197
-5.0977 33.2391
-5.0977 34.0586
-5.0977 34.8780
-5.0977 35.6975
-5.0977 36.5169
-5.0913 37.5087
-5.1183 38.6890
-5.1491 39.7426
-5.1877 40.5962
-5.2556 41.6323
-5.3291 42.5326
-5.4190 43.5032
-5.5347 44.4563
-5.6632 45.3499
-5.8046 46.1940
-5.9717 47.0479
-6.1645 47.9272
-6.3830 48.7911
-6.6272 49.6558
-6.8971 50.5017
-7.1927 51.3188
-7.5269 52.1303
-7.8996 52.9355
-8.3109 53.7316
-8.7865 54.5295
-9.3134 55.3175
-9.8533 56.0133
-10.3931 56.6293
-10.9329 57.1756
-11.4727 57.6597
-12.0125 58.0898
-12.5523 58.4735
-13.0922 58.8098
-13.6320 59.1099
-14.1718 59.3756
-14.7116 59.6051
-15.2514 59.8104
-15.7913 59.9953
-16.3311 60.1440
-16.8709 60.2731
-17.4107 60.3809
-17.9505 60.4664
-18.4903 60.5379
-19.0302 60.5890
-19.5700 60.6187
-20.1098 60.6447
-20.6496 60.6577
-21.1894 60.6262
-21.7293 60.6094
-22.2691 60.5658
-22.8089 60.5063
-23.3487 60.4264
-23.8885 60.3289
-24.4283 60.2164
-24.9682 60.0752
-25.5080 59.9080
-26.0478 59.7147
-26.5876 59.4964
-27.1274 59.2465
-27.6673 58.9668
-28.2071 58.6528
-28.7469 58.2896
-29.2867 57.8836
-29.8265 57.4320
-30.3664 56.9201
-30.9062 56.3385
-31.4460 55.6845
-31.9858 54.9384
-32.4871 54.1456
-32.9369 53.3322
-33.3482 52.4881
-33.7081 51.6530
-34.0166 50.8422
-34.2865 50.0499
-34.5307 49.2463
-34.7492 48.4272
-34.9548 47.5663
-35.1347 46.7046
-35.2890 45.8689
-35.4304 44.9636
-35.5460 44.1032
-35.6489 43.2057
-35.7337 42.1853
-35.8005 41.3854
-35.8571 40.3591
-35.9085 39.1690